values
6.063363507071827
4.354496024649358
5.569931086963081
5.602464755740534
6.831472242906363
6.05560413537464
7.054488098706612
7.612698287040406
6.832810207938322
6.061866341776574
6.643200378529609
5.266614403367288
7.814107703013253
4.543450034706429
6.4913112249942655
6.93633342838307
5.961858048344805
6.280897826072951
5.377291089209994
5.830044127012251
5.9631175270677685
3.9830119013280263
4.564416106278836
6.577405512047617
6.441630257731241
6.239707089957272
4.485957136631503
6.519406776494905
5.813501200297309
5.641984778283239
6.605408672260733
6.352809171396818
6.101401620045931
7.256935307771568
7.681784805126862
5.570521508938181
5.765621295188832
6.233743885526351
6.159969896706264
4.058757357216578
6.743996047012805
5.563784230041422
5.682763672440668
6.657269882195611
6.0666667937558065
8.348583182429255
6.9750566969649554
4.934055458654386
6.573236429511577
7.085807192084444
5.920187421692206
6.888578102340286
5.202991933874354
4.802991856051495
5.971139460792099
7.902808958145897
4.361978997299133
7.801782634401271
5.748426289365397
4.610697615368391
6.9417332768247
6.325010340023784
5.264499093316374
6.014541997418206
5.051599010601806
6.857926067943156
6.064973420453107
8.68647820516992
3.92532654999016
4.611634228912757
7.902122154785913
7.070860205937762
6.071889806962513
5.196203068403223
4.32746368426951
5.799281533721263
5.818525855290371
6.148723183591222
5.72590276613534
6.251165028198288
7.491303723364497
6.031630347100246
7.281993162446899
6.391917067769335
5.7894824020375095
7.493419346269036
6.229141238032952
4.319915522704562
6.8894215204077005
6.780501341015814
6.091290822652381
5.379515010648937
5.64826509934372
7.12923852012929
7.546035400264671
6.520692639439187
6.179790916517957
4.39468227860468
7.474419688734807
5.1937420771702945
3.4818632696996414
6.1044834883124945
6.680222661044746
6.0816840418587645
6.060249739761355
6.541012218810256
4.103976996391307
5.940285765196655
6.462360369182198
4.520777782180167
5.115794742239526
4.594152020575978
5.598428049603731
5.905358138445299
5.3048230832771
6.353433212793991
4.886949850167795
5.960843714790824
6.027988072012252
7.005749274492777
6.8645728607040715
6.43409517663717
7.545357832496072
3.9301792490587597
6.1791419906758245
5.025792019161458
4.007373188122277
6.312866855273662
6.972544016760634
3.048287338585135
6.464100838388896
4.9163947334306775
5.460300346492023
7.616603460362347
5.611590582654628
5.842237861389077
6.588539505376234
5.231126871060294
8.272226177535408
6.86909146535738
6.304414731552819
7.569532015506272
6.041345635432896
6.561196806058087
4.6874349950631
8.24194296735775
3.775411340418701
7.363286657178669
4.703085662536626
7.262948026421453
4.313624511677395
7.288473025088329
9.040330868858428
6.99494507854592
5.184507919325162
5.8400334534836364
6.174025334121502
5.673467715916628
6.4404601092296145
7.626524810507906
4.94383413101955
6.6598408982420185
7.5557922561439526
6.21685484925191
7.157718471827111
5.736784297318365
6.111863058733976
4.7768983755233165
8.26991224318359
5.0953338815875
6.218723094304973
7.009395836045481
4.694573352311032
4.783403508213045
6.553875993750023
5.334215571146874
6.79293279800979
6.476243001546364
6.508548301886513
7.3678807938988164
5.362573679454477
4.370499656354422
4.6747333085512786
4.13267006867485
4.543511998006885
6.505789659206565
5.083864986760499
3.985143356133276
5.120111902440515
7.733521615390656
5.8371089356791375
5.403436533990643
5.178423080961623
5.442115768438503
5.598495007540556
4.4158398228058715
5.448608726259605
4.651785818916016
6.107673508698609
6.218545640726858
6.8301604434266805
6.863182326340504
6.5485357198581955
4.96200440270891
5.610141787778043
6.192843536841278
6.256130300530654
6.599434143296623
7.043373037586418
4.831349696502793
5.211185106194213
5.446486197620217
4.983505088251838
5.47764733723063
4.950498104586827
6.745669850373772
4.7071127615345745
6.1117632490259055
5.908896770529408
6.582062856006853
6.115184921023586
7.129349140216184
6.135787766517813
6.206294423033262
6.895961896656644
5.881455207505157
4.160553894552406
4.736917802301891
4.53184319225688
5.944930606497271
4.91737859267088
5.999756092177434
5.7155347551742395
6.456695993388176
5.893474763155938
5.601486533540143
4.785837326463771
6.033267908214399
6.803023850984113
5.651152877985945
6.707245879320198
6.765410741070787
3.779590897841807
5.7589448374277445
4.903600906159463
5.484963879483326
6.7906593711694
5.4301545464907885
8.589641831272301
6.555481863910699
6.689881881319592
6.388226039714039
4.524698931500045
5.510732288177309
4.7722159750848
6.101842883895083
5.8277107048812775
5.708840755139065
5.577018726135996
5.11068013078487
6.361884546707743
6.875225732705532
4.732604777052403
5.964709450551636
7.1084885811476894
5.516883128629157
6.342741208604292
4.981134045393796
4.880592547252057
6.88131122128411
4.572569089282441
6.469549536962418
6.164832328194158
5.605611115210282
8.250669188396305
7.046520445335184
5.910254887795743
7.172890354586485
6.053972122205688
6.405018450279985
5.701562704923468
5.36677756106079
6.316715648173445
6.675336017905666
5.88404107356775
3.8603128482772417
5.096761815173486
5.144372974801222
4.561266446686376
5.3243998776436685
6.815573651643279
6.580746502718724
4.884007386144252
4.383045344377406
5.178046481899129
5.2738740272248386
4.691697448690901
4.855901841472708
5.699541211614223
6.286681271582591
6.175145714611628
6.863843728767151
7.564738536174615
3.811863508824517
6.934015795816597
5.675707594547309
5.371740109933275
5.780191813946286
6.760985170374316
4.084653851945024
6.085641885085445
5.015232601277438
3.831952069346032
6.060497855493455
4.703761020696296
5.920027344791347
7.390195055950715
7.992638528590897
6.4129455589592945
5.616146873008589
7.0458523761485425
5.066459293102529
5.951651639662075
6.464621720983274
6.075365008012747
6.776576905416655
5.087501148765543
5.479694016251955
6.188292708738817
6.17425371306533
6.299474140523737
5.917122950585931
6.760068661656708
5.423476837556591
6.712424161977205
6.961971841301477
5.391143334480931
5.50536282666153
5.942476300775404
4.087421902676473
5.121917262657051
5.423349110720374
6.0823630587352815
5.597661869571146
4.893829288267849
4.688332144939271
6.7396314235316765
6.004868937011385
5.516065584350629
4.873278442838482
3.6223953198411145
6.965043285453483
5.552258202131803
5.865633932470322
6.979916359456426
6.015335295466775
7.278339658903446
5.738163140837594
6.812263482923187
6.787201680248903
7.602924349534096
5.940714999069555
4.549235667244161
5.150841550274959
6.049758146133221
5.883417687641286
6.7657111598949244
6.809967495319102
7.145380149539209
6.622081003718711
7.14111822559913
6.841211480919754
4.937812530182277
6.496711142813788
5.324171813958637
7.124072961041281
6.959547786814438
6.5340142827314915
5.8843347809189765
5.616331679465575
6.947940416953287
7.100033603931518
6.013943596606867
4.060994577218286
4.830916027627961
6.325609522384782
6.853299915650093
3.6124860671570773
3.9390409508084985
6.397365366578758
8.16624683952837
6.172820023935887
5.690914178316332
6.5536240020435
6.873384354794048
6.251581187400379
6.804629286265645
6.0362690368845895
4.4991868676050855
5.4603882402080455
6.605996941455485
6.350788114999399
4.542006473824987
5.623505709577811
6.535311751081737
5.362828104636273
7.158330712724082
5.953066335646376
6.723640762643987
5.249658952260842
7.079650502776184
5.8627757778293415
4.918650433432585
4.191187928406455
4.8447683855682175
6.370356894183132
6.289234622785325
7.040776096585288
6.770331085418879
5.200645219576573
4.372396792087046
6.439952786113575
6.758726974422381
5.9686387030180255
5.615295421826849
5.488350711276882
7.615946412376122
5.9840856339031046
5.774418759852282
7.773769874788778
7.051844057710811
5.448106649357593
7.368091463995109
6.500680749396997
5.540878960277369
5.081046120807632
4.0244284644463315
7.018663526129809
5.439882116067649
5.2551056203636355
4.92164005833063
5.75787667043093
6.932589204303013
5.2934851471456215
5.365839863986023
5.71766700007415
7.616211591821821
6.300251810905408
5.025166063931588
5.8509177630968265
5.927956100235007
5.69015839410499
5.938456513096524
5.723383324322671
7.307366228089776
6.819700446620026
4.898062214053603
4.7679852846190744
6.425684077064742
5.828015010830631
4.412999979360759
7.000929426815657
5.2581014064968015
5.455208775374055
7.057192773893608
5.351900582453576
5.115221742497376
5.8378337419962145
6.9969007687986835
3.9412329700898403
5.085765810769284
4.655819306923123
4.725777515020196
7.778814766902235
5.471916102635
5.828397890304907
4.737948591988801
6.5677432769008695
6.447882654717032
5.181882366570697
5.5515600963346134
7.134773295986123
6.893487591828617
5.5117787791354775
6.991989185672562
6.468048521116191
5.955465044743133
6.780941505682317
6.922565224179373
6.3531089254477555
5.296268639567386
4.763055162013702
5.674431820069593
5.769402799448835
5.8414696057271716
5.465357217588563
8.038950357099907
7.25548722572029
8.447206672400704
5.687456940087017
7.616181642382274
5.967989388170448
6.881916363754853
6.207149754842143
5.377018316577145
6.040367618296916
4.314432984763604
6.021587628316684
7.5737083541898125
6.063729000069351
5.839119472694009
4.51819404546515
6.142437247336165
7.780139394849071
5.566251198778976
6.276650677169422
5.112727291668785
6.572455601793503
5.232062352281627
7.063910053327193
7.217976075849455
5.640626254634999
5.978741046686851
7.820967513735008
8.045641052378626
5.7194948501723974
6.48510237230357
4.517140876434681
6.169871280561786
3.646213532199273
5.813029460172123
6.23441654483492
6.040642437428288
4.554610749592763
4.894576529047036
7.423134129385246
5.5614546427834615
6.337296733176198
7.489700255590806
6.19665058492127
4.129345418538897
5.722024141056194
6.163728357280014
6.030761807723309
6.303146056107957
4.828137287661663
6.609138144166062
6.8637966442714164
5.431977707597949
5.5832052758781225
6.634600502398133
6.0110358737357235
4.82267001476829
5.557775758461729
5.877006586816356
6.916575392032307
5.454737321346911
6.211718908512324
6.264796879235206
5.728179444038573
5.251156208414388
6.604947034279966
5.8003967017148454
4.147460735942614
4.9651740911724325
5.033905824096782
5.744477559719495
5.670855529477705
5.877832774683391
8.22409257143182
7.52300463769273
6.4737910889044885
6.326234439550017
6.278676187619197
6.739139882378469
5.621380682948623
5.37768900440706
3.4846172414927623
5.837242008333319
7.653066523314079
6.155430950311022
6.13489076478537
5.237616598229444
4.735843353033528
4.981394841601778
6.361128929451393
6.590572959548713
4.820492388010852
5.093092342193352
6.25310966210487
5.2966766642794845
8.413112110413461
4.870119638944277
7.412126120831318
8.16855915940354
6.669557892722086
7.758310052182142
7.473676308375088
5.0984081075325305
4.390581916175621
7.3123122954756425
5.838773447660664
6.301888049756542
5.280671868465975
4.576845386502011
5.798491539369794
4.319875099418548
6.316943370226302
7.281017888800261
5.350283452163804
6.629702926026623
6.30982490625004
5.540744228837091
5.975374868569294
5.559672790103727
4.13096237303519
4.910404604802158
5.922933590328296
4.490509389588741
6.8630057216929625
6.897121809076485
5.59076683912064
5.271435554685436
6.6360521962858385
5.004787816509854
4.909139422491298
6.045445843029684
6.979671133920683
4.2689630850635
8.03056733421252
5.623288971557181
6.346011441071638
7.716414836333543
6.97512681848391
6.620823870351362
4.691487794322547
5.108540037865237
5.225373143564484
7.498815982412147
5.496505333763438
7.174050677555517
5.374305930799609
5.6670619704546805
7.246328283951385
5.751505621378852
3.708332129808517
4.842845857367182
5.870473637131674
5.261317022677212
7.238807997429892
5.510833051886399
5.424880786100421
4.8099406404137515
6.105986574779297
5.196297935051398
7.077709301671044
6.5630363512763825
6.1201079718483715
6.472281572049975
6.59544086579297
5.190940944207842
5.781789443850364
6.811101218908882
5.758092585441888
4.63678420568781
6.388030976317331
5.125535955024968
4.293503757652532
7.003578747990504
5.362764445638744
4.677403226850867
7.7464138568446685
4.974353949742559
4.728295922375263
5.865297741742883
4.771194528488569
4.870225597768312
7.334696925283632
6.945412844288236
7.683070648152103
5.217255199904724
5.151838197069138
6.029796745821837
5.582672080814267
6.2799647493135105
6.38873273787226
7.117860698083259
5.336866166649594
3.7590246360028865
4.7029354518972895
5.8892517055516675
6.039425509961499
5.23444410819806
6.25623515126352
5.901780002001425
5.558338952954686
8.146475867731954
7.077889922997162
7.056076618032027
4.871630407278822
5.171051303996636
6.453870074509586
6.668984186602947
5.259918242826788
6.646688053563277
8.06196788623922
7.376839585536571
6.637791332134331
4.371474677334869
6.795851428409656
7.708933495336142
5.498464174221917
6.637309325793466
5.41363085362904
4.4974085696103305
5.178314418055761
5.26312118843578
6.21610616501361
6.300101959604781
8.09171349875406
6.48637544419872
5.948222364975176
5.8544400578816695
7.65165334446178
7.51088728801003
5.800690183095365
6.395534923517768
6.1394090032647375
6.015770659217447
6.845153001416967
4.939208928281113
5.573077917413804
5.000264182717425
6.653068564773816
5.997605128938221
6.130293362923172
8.22590011832836
6.163526915104645
6.116174637215265
5.7003210425630115
6.083557325134281
5.515790979315714
4.489028380686795
5.761823342393189
5.266155884498357
4.6311177399861485
5.352032384793353
5.405208453639139
5.689034691578865
4.40744202378088
6.1132439654681825
5.193124772714866
5.03593973379246
4.650489443274395
8.338944246791822
6.3907163568642
7.379593633956684
6.798477341853062
5.576749517532985
6.5483305765281195
6.9268507152329395
6.428131724579516
4.787827792102728
6.664288187363873
6.223188135728034
6.709608151794945
7.424378806520637
6.168035099552056
5.965718874981185
5.471671847212821
5.513705855990082
6.193569604743121
6.105003131084848
5.069947330749204
5.968318533965686
7.785164664863503
5.741620670092321
4.934520275969254
5.5721704828486684
4.1490617446710125
4.716208392444662
5.437859208430458
3.9738130217515177
4.5474657535954925
5.538700059674454
6.120321635121113
6.392691732604497
6.738197626368599
5.535887482088836
4.32237199733172
5.901724915326928
5.535025446740477
7.957603849920412
5.530585978638472
5.858944969660191
5.761962121132628
6.613205951256505
5.6970957642030475
7.247729970484006
6.604275900710772
7.0146527705001365
7.28585691065941
4.747389026041355
6.148883261861452
3.918339593109854
5.109038485499766
5.323245596638754
5.993035391004322
6.725947689781024
5.59792602665775
7.689662712112891
5.776419501754662
5.693111186036339
5.778172358246285
4.428244504102953
7.447752793518675
5.485590790382865
3.8312121053872206
4.686460218905016
5.599651853832279
5.476737073678948
5.958812560174648
5.458880764383211
5.670396945672951
6.022652252095539
7.119334352473805
6.052888603523162
4.016289784427055
5.568990180171427
5.035141018141765
5.347231214662397
5.580947102083162
6.174496166664444
6.14208336120275
5.7593859796079085
7.526884736592863
5.2019768304388325
6.196085677476166
4.836016743735301
4.775746000833356
6.77020096115573
4.857828402645106
6.017951404422078
6.416114579452838
6.71952082910004
6.924970160063982
5.586145323428948
5.685708982534433
4.849221733740981
5.303975211715119
6.469302668055255
6.1502037223516215
6.2531339799503725
6.806870932065465
6.954884560718482
4.961311366436545
6.528569344893394
5.107263635323011
5.19377767023339
5.979375750144839
6.280820965604473
6.761332544884551
3.843221937178028
5.767220334385812
6.8330127910859195
4.914569942508045
5.260751809987542
5.878914252681002
8.150752867618959
4.431749200438447
7.022053888855014
6.257794447970942
5.857189596717883
7.178574510388362
7.086579735044314
4.772925864953904
5.3754915203948075
5.145650035350776
6.909588747934789
4.277497034582523
5.708381620047913
6.581260820476605
5.833640945453601
7.692860332768715
4.575799009260024
5.8715478846134275
7.580704923235845
6.231591055736403
7.877220876749651
6.908688580393367
7.0452935345993755
5.938483085267737
3.785278310074112
7.676063118130283
5.767570135998674
7.72050495789562
6.391365492707546
6.21316845764734
5.203701162254176
5.264331252470553
4.768965503909129
6.478701614669871
6.097792637958444
6.833567296013233
7.249012677363424
6.816219031745575
3.898783292760878
6.326009427359238
6.6025251129971165
6.910615546145635
6.937946230625556
6.423265750699702
6.649587703515297
6.338759412865863
5.438377972059626
5.663014136778619
5.592396838880117
6.569481626282311
6.562743884616657
5.343934216004339
4.81763242569621
5.342587769705193
6.120773468441843
7.252451424808996
5.755010003573663
6.201067052243279
4.42292716838084
6.395352880792348
6.197848784546623
7.014283816376523
6.36799724373322
5.82253902505353
6.648383275624157
6.145414057456114
4.581484997686139
5.918456671365185
7.0840030736087565
6.523967923925525
5.878114838209805
6.524632594471625
6.503466936912273
6.722736306653356
6.587321635818753
5.935230821982088
5.657079552797481
6.125599242378319
5.398719773365572
6.995052738757956
6.523873346235178
6.397929219295328
5.336382957162467
5.517555151350521
5.967531127964983
5.749988675606637
8.212924320643634
5.201797804062337
7.499787958357468
6.3796448325737085
4.54300813096746
6.442882484930122
5.3502270433522385
5.353178382916848
6.064420444015433
6.864887126195104
6.5197597041949615
7.301811850427651
6.588501368753309
7.874867241070611
5.5097314388014
6.205396133326171
5.474497249530773
5.788030783798294
5.147889370487245
5.25068613786521
5.895873564629412
4.9281157105333
7.0250364059577795
6.570034956272335
6.355662729321431
7.16348557965066
5.659814757893894
6.959879331901571
6.272152485812826
6.945078623906435
5.782657716506569
6.348441823125415
6.212322367502516
5.164435144703269
5.453717818581955
5.369748282436188
5.7065205077165775
6.179376626991729
6.252034733267144
6.562537030101388
5.54102989902467
6.392878651600476
5.89425178482551
5.897303814036544
6.453005238268383
5.688247036606465
