p_val	avg_logFC	pct.1	pct.2	p_val_adj	cluster	gene
6.55344776606651e-30	-1.17650888227125	0.618	0.962	6.55344776606651e-27	0	ACTG1
6.81889625844214e-29	-1.38721012412639	0.26	0.785	6.81889625844214e-26	0	ARF1
4.79234167501284e-22	-1.1496655118851	0.344	0.816	4.79234167501284e-19	0	ALDOA
2.19270438749159e-21	-1.57374936481377	0.069	0.55	2.19270438749159e-18	0	ARHGDIA
9.09214851367522e-21	-0.680378991816658	0.87	1	9.09214851367522e-18	0	ACTB
3.99622539956216e-20	2.21188873711958	0.969	0.897	3.99622539956216e-17	0	AFMID
1.20287734231059e-18	-0.709294669879025	0.168	0.632	1.20287734231059e-15	0	ACTR3
1.29472582833874e-18	-2.51622003740198	0.084	0.515	1.29472582833874e-15	0	ACTN1
3.02154978843615e-18	-2.10729902169501	0.053	0.485	3.02154978843615e-15	0	APRT
3.66576403728984e-18	-1.01609770262502	0.137	0.605	3.66576403728984e-15	0	AP2M1
5.29603165067736e-17	-0.750532458542001	0.092	0.538	5.29603165067736e-14	0	ACADVL
5.45086898453742e-17	-1.77789950723094	0.26	0.626	5.45086898453742e-14	0	ADIPOR1
1.17425174985047e-16	-1.92542898465036	0.084	0.485	1.17425174985047e-13	0	APMAP
2.62351125683076e-16	-1.38696772605217	0.092	0.521	2.62351125683076e-13	0	ARHGDIB
6.69903845619545e-16	-1.3991093078405	0.13	0.544	6.69903845619545e-13	0	AKAP13
9.46149753283981e-16	-0.950789845383466	0.145	0.556	9.46149753283981e-13	0	ACTN4
1.29052943535395e-15	-1.96224255049205	0.168	0.579	1.29052943535396e-12	0	AHNAK
4.84644717589368e-15	-1.01462627920899	0.389	0.73	4.84644717589368e-12	0	ARCN1
1.41176480543472e-14	-0.66464072346615	0.229	0.626	1.41176480543472e-11	0	ABI1
3.08422900896983e-14	-2.07452436869452	0.031	0.375	3.08422900896983e-11	0	ACO2
4.30313409354505e-14	-1.62805183872976	0.13	0.487	4.30313409354505e-11	0	AAMP
4.37238433044889e-14	-0.53364119609271	0.221	0.621	4.37238433044889e-11	0	ANXA7
1.46541994967499e-13	-0.980969853951328	0.168	0.546	1.46541994967499e-10	0	ANAPC5
5.34187441674148e-13	-1.1351177804649	0.053	0.397	5.34187441674148e-10	0	AFF1
3.46887093795606e-12	-2.22567356750079	0.008	0.307	3.46887093795606e-09	0	ARHGEF1
4.21773322309295e-12	-1.27089401011147	0.038	0.349	4.21773322309295e-09	0	A2M
1.34765108733318e-11	-1.79468478589652	0.023	0.322	1.34765108733318e-08	0	ANXA6
3.39300861574891e-11	-1.66456067859273	0.092	0.395	3.39300861574891e-08	0	ANKRD36BP1
6.21107793902003e-11	-2.04227914243166	0.099	0.398	6.21107793902003e-08	0	AP1G2
1.58375050867102e-10	-0.719693288032317	0.092	0.398	1.58375050867103e-07	0	ALDH9A1
1.73872555930244e-10	-0.501561253825588	0.321	0.678	1.73872555930244e-07	0	APLP2
1.85298868133666e-10	-1.40342763319619	0.038	0.312	1.85298868133666e-07	0	ARFGAP2
2.29199841884e-10	-0.974127002811176	0.382	0.651	2.29199841884e-07	0	ADAR
2.33902722696504e-10	-0.8743549516934	0.061	0.362	2.33902722696504e-07	0	ABT1
1.19856991826371e-09	-1.7767503787719	0.031	0.284	1.19856991826371e-06	0	AARS
1.45960093699542e-09	-0.950663449525869	0.038	0.305	1.45960093699542e-06	0	ACTR1A
1.72554427653301e-09	-0.515023623738642	0.153	0.462	1.72554427653301e-06	0	AKR1A1
1.79228249553107e-09	-1.00837344946352	0.053	0.322	1.79228249553107e-06	0	ADPGK
2.05112509249409e-09	-0.542304033504802	0.061	0.33	2.05112509249409e-06	0	ALCAM
2.42026249581252e-09	-1.03641957264234	0.122	0.404	2.42026249581252e-06	0	APP
2.4284201043611e-09	-0.878140345940683	0.069	0.337	2.4284201043611e-06	0	AES
2.71825946238997e-09	-0.645699854931707	0.16	0.466	2.71825946238997e-06	0	AP5Z1
2.84244830397987e-09	-0.749689529593961	0.137	0.431	2.84244830397987e-06	0	ALDH7A1
3.30874933466216e-09	-1.27519376353415	0.107	0.387	3.30874933466216e-06	0	ACIN1
6.87085179023984e-09	1.01200049604747	0.099	0.379	6.87085179023984e-06	0	AIMP1
7.19421588261462e-09	-1.50635187458009	0.031	0.266	7.19421588261462e-06	0	ARF3
1.20163638163081e-08	-1.37673541922163	0.038	0.274	1.20163638163081e-05	0	AEN
1.43898771710932e-08	-1.24762865994875	0.031	0.262	1.43898771710932e-05	0	ACSL1
1.48933957814113e-08	-1.31827751360333	0.076	0.326	1.48933957814113e-05	0	ADD1
1.64539931487733e-08	-0.536533110990116	0.069	0.316	1.64539931487733e-05	0	ALDH18A1
2.07075168228134e-08	-0.768943218903122	0.046	0.284	2.07075168228134e-05	0	ABCF3
2.22595880784126e-08	-0.645917038719611	0.046	0.284	2.22595880784126e-05	0	APH1A
2.76686937578612e-08	1.54322584507335	0.702	0.749	2.76686937578612e-05	0	ADAM17
3.20060063494801e-08	-1.27424084724998	0.046	0.276	3.20060063494801e-05	0	ACAA1
3.79231436345189e-08	1.21113217828214	0.183	0.496	3.79231436345189e-05	0	ANP32A
4.49240305182719e-08	-1.18270814396343	0.053	0.28	4.49240305182719e-05	0	AQR
5.04467137688633e-08	-1.0234043450319	0.046	0.282	5.04467137688633e-05	0	AATF
5.83013693891052e-08	-0.6100200851429	0.046	0.272	5.83013693891052e-05	0	ADSL
5.89625971917116e-08	-1.205211804992	0.13	0.37	5.89625971917116e-05	0	ACLY
5.94584444089072e-08	-1.3440133171167	0.305	0.515	5.94584444089072e-05	0	AKIRIN1
7.71876915837284e-08	-1.98732374761088	0.038	0.251	7.71876915837284e-05	0	ANKRD13C
8.89798364762246e-08	-1.89046543339425	0.046	0.261	8.89798364762246e-05	0	ACTA2
8.96952240633915e-08	1.93501917288526	0.756	0.726	8.96952240633915e-05	0	AQP6
1.81601535478044e-07	-0.894083638993103	0.053	0.278	0.000181601535478044	0	AIP
1.97685374950931e-07	0.571416426165486	0.374	0.757	0.000197685374950931	0	AKAP9
2.11117574560697e-07	2.43240675247627	0.771	0.801	0.000211117574560697	0	AKAP5
3.56799768465178e-07	-0.820559691483424	0.092	0.307	0.000356799768465178	0	ANXA11
4.27939919960981e-07	1.18225250798733	0.779	0.757	0.000427939919960981	0	APOL1
4.59876119210232e-07	-1.19526868824414	0.053	0.262	0.000459876119210232	0	AKR1B1
7.40017898560107e-07	-0.639840734962175	0.053	0.261	0.000740017898560107	0	ALG5
7.70310679409367e-07	1.1060086176852	0.878	0.874	0.000770310679409367	0	ADAMTS4
9.10218455620952e-07	-0.552601860882005	0.061	0.27	0.000910218455620952	0	ALG2
9.89511537030003e-07	1.47809197972043	0.695	0.72	0.000989511537030002	0	AP1G1
1.0884112450848e-06	-1.07739958003977	0.092	0.299	0.0010884112450848	0	AHCY
1.24299130873838e-06	1.48835091072762	0.626	0.63	0.00124299130873838	0	AMFR
2.04572471661173e-06	-1.00161353975312	0.061	0.255	0.00204572471661173	0	ABHD16A
2.19463440901339e-06	0.553674477418213	0.061	0.261	0.00219463440901339	0	AP1S1
2.31806553832006e-06	0.542943065767095	0.107	0.335	0.00231806553832006	0	ARHGAP5
3.30745690701455e-06	0.871023043232583	0.649	0.579	0.00330745690701455	0	APOBEC3A
3.88388310251896e-06	-1.00913313267132	0.069	0.253	0.00388388310251896	0	ARHGAP12
5.20002261599965e-06	-0.55240574592692	0.069	0.251	0.00520002261599965	0	ACTR6
6.93362936783331e-06	-0.840657088589473	0.084	0.274	0.00693362936783331	0	ABCD3
8.14982255195785e-06	0.635142189250422	0.122	0.343	0.00814982255195785	0	ALG13
8.91843511869166e-06	0.594119637184925	0.076	0.268	0.00891843511869166	0	ALG8
1.06340449376045e-05	1.22669489153856	0.137	0.343	0.0106340449376045	0	ADD3
1.47452556407858e-05	2.16358808480856	0.786	0.807	0.0147452556407858	0	ADRA1A
4.00146360398704e-05	1.34396746002668	0.756	0.808	0.0400146360398704	0	ANKRD10
4.27154722949872e-05	0.726902122422449	0.092	0.282	0.0427154722949872	0	APIP
4.40155301509834e-05	0.669895181461138	0.107	0.301	0.0440155301509834	0	ACBD6
7.21301720068506e-65	3.46372124400098	0.609	0.026	7.21301720068506e-62	1	ARHGAP9
3.18328088538276e-52	2.13244544494058	0.948	0.325	3.18328088538276e-49	1	ARHGDIB
2.19211919993631e-42	2.57442844395919	0.513	0.046	2.19211919993631e-39	1	ARHGAP15
1.11658445551293e-41	3.76612016462437	0.435	0.028	1.11658445551293e-38	1	ACAP1
3.9707420881579e-39	2.47651303848092	0.461	0.037	3.9707420881579e-36	1	AOAH
3.27788459077122e-37	3.03542068099348	0.487	0.056	3.27788459077122e-34	1	APOBEC3G
2.13812205973125e-33	2.71191935126701	0.6	0.126	2.13812205973125e-30	1	ANKRD44
2.36889290820289e-27	3.01897615371872	0.322	0.026	2.36889290820289e-24	1	ARHGAP25
5.73769331029976e-27	2.87362385394571	0.748	0.362	5.73769331029976e-24	1	AKNA
8.63556277537304e-27	2.96520964529634	0.4	0.058	8.63556277537304e-24	1	ARHGAP4
5.66172628495899e-25	-2.07983834471903	0.148	0.704	5.66172628495899e-22	1	APLP2
2.30852375391774e-24	-1.59287206059297	0.487	0.848	2.30852375391774e-21	1	ANXA2
2.68796132018948e-23	-1.77924268270206	0.339	0.825	2.68796132018948e-20	1	ADAM17
7.25557186869563e-23	-2.72014378168297	0.826	0.929	7.25557186869563e-20	1	AFMID
1.59937514510256e-22	2.42971575585548	0.27	0.022	1.59937514510256e-19	1	AGAP2
2.99600201061301e-22	2.22361662811024	0.565	0.178	2.99600201061301e-19	1	ARHGEF1
4.65940643919432e-21	2.59195506523217	0.313	0.043	4.65940643919432e-18	1	APBB1IP
7.81760419872522e-20	1.57146135385663	0.4	0.08	7.81760419872522e-17	1	ALOX5AP
8.9179346656023e-20	-2.9847947334576	0.217	0.66	8.9179346656023e-17	1	AEBP2
2.35203081060155e-19	-2.27992936512605	0.104	0.587	2.35203081060155e-16	1	ACSL3
3.18763452282633e-16	2.40893124703345	0.4	0.108	3.18763452282633e-13	1	ARAP2
3.61257866495219e-16	2.26079551848957	0.443	0.139	3.61257866495219e-13	1	APOBEC3C
8.72984732103387e-16	-3.29676702789823	0.035	0.437	8.72984732103387e-13	1	AK4
1.82282439895562e-15	-3.47067061330894	0.052	0.441	1.82282439895562e-12	1	ALDH7A1
1.04551573857701e-14	-0.949449828516694	0.087	0.502	1.04551573857701e-11	1	ACTN1
4.3612909488069e-14	-1.39010614016511	0.348	0.69	4.3612909488069e-11	1	AMFR
6.14009264250974e-14	-2.14432055232079	0.035	0.414	6.14009264250974e-11	1	APP
3.75062579430342e-13	-3.08099473095039	0.052	0.413	3.75062579430342e-10	1	ABCA1
8.0234447640027e-13	1.63832094430177	0.687	0.413	8.0234447640027e-10	1	AKAP13
1.12662157675083e-12	1.99696968336138	0.678	0.457	1.12662157675083e-09	1	AHNAK
2.94000815279865e-12	-0.901291854840102	0.27	0.664	2.94000815279865e-09	1	ANXA5
3.61384712632376e-12	-0.623996929885823	0.183	0.612	3.61384712632376e-09	1	ANAPC11
4.51642547862911e-12	-3.40018239023083	0.078	0.401	4.51642547862911e-09	1	ADAM9
6.72009047800072e-12	-0.987760606269211	0.4	0.751	6.72009047800072e-09	1	ARF4
6.78487490551384e-12	-1.50111509311399	0.522	0.79	6.78487490551385e-09	1	ANKRD40
8.78703996571172e-12	1.97656401547292	0.252	0.056	8.78703996571172e-09	1	ABCA7
5.9881632286912e-11	-0.729019404056416	0.487	0.764	5.9881632286912e-08	1	AP1G1
1.25692037788917e-10	0.962403060593191	0.93	0.833	1.25692037788917e-07	1	AAK1
1.39255843091401e-10	1.83387890329169	0.461	0.219	1.39255843091401e-07	1	ANXA6
3.35171730761167e-10	-0.964374629550604	0.139	0.493	3.35171730761167e-07	1	ADI1
5.03589897569408e-10	-1.76673806050157	0.061	0.361	5.03589897569408e-07	1	ACTL6A
5.66755714159518e-10	1.31057087593614	0.8	0.721	5.66755714159518e-07	1	APOBEC3D
8.753709930225e-10	2.25522856092861	0.278	0.084	8.753709930225e-07	1	ADCY7
1.48654985678951e-09	-1.10504472903574	0.104	0.426	1.48654985678951e-06	1	ADH5
1.50866416621407e-09	-0.630735509799684	0.548	0.851	1.50866416621407e-06	1	ANKRD10
1.76024119572773e-09	-0.510901188353472	0.043	0.32	1.76024119572773e-06	1	ALYREF
3.94362929352033e-09	-0.993981440884151	0.2	0.53	3.94362929352033e-06	1	ACP1
6.13421650471125e-09	-2.52126852795788	0.009	0.253	6.13421650471125e-06	1	AMOTL2
6.48305505606573e-09	1.21553173166256	0.296	0.102	6.48305505606573e-06	1	ADAM19
1.40157367570721e-08	-0.762509354139505	0.991	0.974	1.40157367570721e-05	1	ANKRD20A9P
1.70434544031784e-08	-2.16070245895565	0.035	0.281	1.70434544031784e-05	1	AKAP1
2.2041051683741e-08	-1.86748609592808	0.026	0.26	2.2041051683741e-05	1	ARHGAP8
3.25707285961143e-08	-1.09455821078263	0.948	0.866	3.25707285961143e-05	1	AP1S3
4.63703053502337e-08	-1.38585109326397	0.165	0.461	4.63703053502337e-05	1	ABRACL
5.32822107862719e-08	-0.601923672901504	0.87	0.783	5.32822107862719e-05	1	ARGFX
6.17525796448345e-08	-1.34627213030786	0.026	0.262	6.17525796448345e-05	1	AP1S1
9.70546132884495e-08	-0.72361863766174	0.861	0.79	9.70546132884495e-05	1	ADRA1A
1.11331024195119e-07	2.25155572806417	0.296	0.121	0.000111331024195119	1	ARHGAP30
1.13367223043595e-07	-1.35470842332083	0.061	0.305	0.000113367223043595	1	ACBD6
2.8643184950977e-07	-1.23293300546118	0.07	0.297	0.00028643184950977	1	AHCY
2.88205200700196e-07	0.746484927907533	0.617	0.444	0.000288205200700196	1	ALDH5A1
3.12975364139672e-07	-1.02343657826815	0.835	0.894	0.000312975364139672	1	ARHGAP1
5.28516902992151e-07	-1.68548019199849	0.061	0.284	0.000528516902992151	1	AGFG1
7.48336126122772e-07	-1.52611609774139	0.617	0.768	0.000748336126122772	1	ACOX1
8.7472121429989e-07	-1.3651726247293	0.078	0.301	0.00087472121429989	1	APTX
1.10637178476503e-06	-0.556841541754852	0.157	0.426	0.00110637178476503	1	ACBD3
1.3088986859949e-06	-0.520439613862072	0.122	0.374	0.0013088986859949	1	APEX1
1.43018407227287e-06	1.24766860954224	0.852	0.755	0.00143018407227287	1	ADAT1
1.65901121234665e-06	1.75740667897185	0.739	0.651	0.00165901121234665	1	APOBEC3F
2.80526858902237e-06	-2.27808298741483	0.096	0.288	0.00280526858902237	1	APBB2
2.81964441249528e-06	-0.704021029700642	0.774	0.606	0.00281964441249528	1	ABCA9
3.52359429322596e-06	-0.769117361199252	0.243	0.506	0.00352359429322596	1	AMD1
4.11649257456634e-06	-0.509732487468527	0.061	0.27	0.00411649257456634	1	AARS
4.2714576183887e-06	-0.743827817767182	0.087	0.305	0.0042714576183887	1	ALDH18A1
4.64175361986549e-06	-0.630281517903578	0.07	0.277	0.00464175361986549	1	ACVR2A
6.71072381890522e-06	-1.32128300199353	0.096	0.296	0.00671072381890522	1	AFG3L2
8.95855794024518e-06	-2.32515704592305	0.452	0.625	0.00895855794024518	1	ANP32E
1.31944711610195e-05	-0.674086313419491	0.078	0.279	0.0131944711610195	1	ARHGAP21
3.48443338402775e-05	-0.964378551537732	0.13	0.323	0.0348443338402775	1	ARHGAP5
3.73041102213595e-05	1.20526904810022	0.687	0.578	0.0373041102213595	1	ADAR
4.00858807408428e-05	-0.849554014740192	0.096	0.286	0.0400858807408428	1	AP1AR
1.78629614540521e-35	1.09992650362729	0.981	0.507	1.78629614540521e-32	2	AEBP2
4.20974684406304e-35	1.51746558670695	0.922	0.533	4.20974684406304e-32	2	ANP32E
8.06711724706748e-26	0.868099528032797	0.66	0.198	8.06711724706748e-23	2	ALYREF
9.06267315527193e-26	1.36830186451781	0.845	0.438	9.06267315527193e-23	2	ACSL3
4.22777174808592e-24	1.13734014329471	0.903	0.649	4.22777174808592e-21	2	ARF4
1.61604606592055e-23	0.873948303712403	0.767	0.342	1.61604606592055e-20	2	ABRACL
5.74606631228606e-22	1.08949911064421	0.874	0.489	5.74606631228606e-19	2	AK2
3.36898818586076e-20	0.945298583978008	0.903	0.713	3.36898818586076e-17	2	ANKRD40
4.69266093749376e-20	-3.84276577552454	0.068	0.576	4.69266093749376e-17	2	AHNAK
6.46383655106104e-18	1.47216790032134	0.689	0.373	6.46383655106104e-15	2	API5
4.27128725665439e-17	1.01284456377911	0.981	0.804	4.27128725665439e-14	2	ARF6
5.01320251826662e-17	1.12680495954226	0.913	0.709	5.01320251826662e-14	2	ACOX1
3.54984636656261e-15	1.1363182395112	0.524	0.191	3.54984636656261e-12	2	APIP
6.40947665517978e-15	0.703205013840026	0.845	0.478	6.40947665517978e-12	2	ANAPC11
4.74895058979528e-13	1.37011558640068	0.495	0.198	4.74895058979528e-10	2	AGFG1
1.097081899941e-12	0.989913726791106	0.689	0.382	1.097081899941e-09	2	ADI1
2.32075526312625e-12	-1.94092279910598	0.68	0.882	2.32075526312625e-09	2	AAK1
1.06561043320604e-11	-1.40427678958251	0.922	0.978	1.06561043320604e-08	2	ABCC9
1.16630657327858e-11	1.09766337088763	0.515	0.22	1.16630657327858e-08	2	ALDH18A1
2.23524187485408e-11	-4.76109103547827	0.01	0.338	2.23524187485408e-08	2	A2M
3.3428520289968e-11	0.802560904156009	0.621	0.322	3.3428520289968e-08	2	ADH5
5.00334640197062e-11	0.694982776365457	0.612	0.262	5.00334640197062e-08	2	AAGAB
5.54042960994231e-11	0.896089867393222	0.65	0.313	5.54042960994231e-08	2	AK4
8.32978348210703e-11	-1.92292911589308	0.981	0.976	8.32978348210703e-08	2	ANKRD20A9P
1.57643498983054e-10	-0.545880394359538	1	0.969	1.57643498983054e-07	2	ACTB
4.43276303154295e-10	0.589668595262622	0.641	0.322	4.43276303154295e-07	2	ALDH7A1
6.18313494768879e-10	-1.13999870936122	0.67	0.905	6.18313494768879e-07	2	AP4S1
7.03677496734229e-10	-1.67227732426372	0.184	0.513	7.03677496734229e-07	2	AKAP13
9.05729943637686e-10	0.781440622121867	0.631	0.331	9.05729943637686e-07	2	ACBD3
1.00101939412632e-09	0.836891051795436	0.456	0.196	1.00101939412632e-06	2	AKAP1
1.75389166203733e-09	-0.976766565929093	0.379	0.66	1.75389166203733e-06	2	AASS
2.5402491078746e-09	-2.55234821992644	0.087	0.38	2.5402491078746e-06	2	AP2B1
3.14777836274415e-09	-1.25877347452482	0.612	0.833	3.14777836274415e-06	2	ARGFX
3.26201773239993e-09	0.889354627562973	0.66	0.393	3.26201773239993e-06	2	AHSA1
4.77407717160237e-09	1.56041233382835	0.379	0.147	4.77407717160237e-06	2	AGPS
5.07508160630407e-09	-1.44532994638379	0.515	0.807	5.07508160630407e-06	2	APOL1
7.65893888634735e-09	-1.33391860631661	0.553	0.849	7.65893888634735e-06	2	ADRA1A
8.91531605179011e-09	-2.52515005424287	0.194	0.475	8.91531605179011e-06	2	AKNA
1.06718329976146e-08	0.709227994435351	0.68	0.433	1.06718329976146e-05	2	ACP1
1.63869354702278e-08	1.20007902773229	0.301	0.102	1.63869354702278e-05	2	APOO
3.0712007100133e-08	1.16039943574045	0.689	0.52	3.0712007100133e-05	2	ABI1
3.2094555597592e-08	0.814278845886748	0.456	0.225	3.2094555597592e-05	2	ACBD6
6.06335019034444e-08	-1.19750520917487	0.718	0.911	6.06335019034444e-05	2	AP1S3
8.27593338532159e-08	-1.09791608728829	0.408	0.678	8.27593338532159e-05	2	ABCA9
1.19065570857276e-07	1.16660238238592	0.485	0.265	0.000119065570857276	2	ACADM
2.29036071205819e-07	0.860939658256662	0.505	0.295	0.000229036071205819	2	ACAT1
2.77208649297172e-07	1.03860912009069	0.427	0.216	0.000277208649297172	2	ANK3
4.05882639077769e-07	-0.986499409738068	0.699	0.907	0.000405882639077769	2	ADAMTS4
4.13877860302162e-07	-0.707126761240594	0.252	0.516	0.000413877860302162	2	ANKLE1
5.31772068738231e-07	-1.67465621675693	0.087	0.333	0.000531772068738231	2	ABLIM1
5.63483695396574e-07	-2.38575778764897	0.068	0.298	0.000563483695396574	2	ANXA6
6.02851478487645e-07	0.927538955637727	0.476	0.276	0.000602851478487645	2	ACTL6A
7.09366716735534e-07	-0.643515134758829	0.243	0.493	0.000709366716735534	2	ARHGDIA
7.39386057769766e-07	1.14164912301408	0.408	0.205	0.000739386057769766	2	AASDHPPT
7.71867483629729e-07	-1.21505266616493	0.553	0.813	0.000771867483629729	2	ADAT1
9.02120597273635e-07	1.82940229347353	0.612	0.473	0.000902120597273635	2	AIFM1
9.14686281344297e-07	-1.02525178609633	0.505	0.775	0.000914686281344297	2	AQP6
1.04564092720941e-06	-2.12122854258942	0.311	0.527	0.00104564092720941	2	AFF3
1.15828325002019e-06	-0.847237141097485	0.184	0.445	0.00115828325002019	2	AP5Z1
1.26114413457092e-06	0.564558183541222	0.592	0.36	0.00126114413457092	2	ACOT13
1.89325994832254e-06	-1.317055234602	0.107	0.338	0.00189325994832254	2	AFF4
2.0825216872672e-06	-1.70611754508559	0.369	0.622	0.0020825216872672	2	APAF1
2.08461793834325e-06	-0.73861048001253	0.602	0.784	0.00208461793834325	2	ANKRD36B
2.43693980087545e-06	-2.18307564354273	0.272	0.465	0.00243693980087545	2	ARHGDIB
2.87248460933768e-06	-1.76521196826859	0.068	0.28	0.00287248460933768	2	ARHGEF1
3.74189978812863e-06	0.743075291923896	0.495	0.293	0.00374189978812863	2	AHCTF1
4.27968860500923e-06	-1.63555988294145	0.583	0.835	0.00427968860500923	2	AKAP5
7.32732530027561e-06	-1.51425124146723	0.097	0.309	0.00732732530027561	2	ADD1
7.54095851791005e-06	0.637337258618853	0.369	0.193	0.00754095851791005	2	AP1S1
8.03696982993422e-06	1.0056556372339	0.447	0.275	0.00803696982993422	2	AMZ2
8.91286131318018e-06	0.555620717540257	0.738	0.504	0.00891286131318018	2	ANXA7
1.09633162057026e-05	0.903987496974566	0.272	0.111	0.0109633162057026	2	AP1M2
1.89921124486237e-05	0.978305710067184	0.466	0.316	0.0189921124486237	2	ABCE1
2.47039471026077e-05	-0.611814747847394	0.35	0.562	0.0247039471026077	2	ANKS4B
2.529753577879e-05	-1.49797734616754	0.136	0.335	0.02529753577879	2	AKT2
2.63623656310201e-05	0.5811426113078	0.35	0.173	0.0263623656310201	2	ALAS1
2.77265493924998e-05	-1.01810197801156	0.466	0.682	0.0277265493924998	2	ACADSB
2.81991077122476e-05	-1.04990789015219	0.311	0.536	0.0281991077122476	2	ANKRD36
2.93669067080983e-05	-0.797003562733633	0.379	0.578	0.0293669067080983	2	ABCB5
3.48242020855009e-05	0.721780590597117	0.272	0.118	0.0348242020855009	2	ALDH2
3.86760642656104e-05	0.575048027577541	0.456	0.28	0.0386760642656104	2	ADK
1.68265068691264e-41	3.94722045492028	0.67	0.136	1.68265068691264e-38	3	ACTA2
1.01044670893285e-37	3.25123005339311	0.36	0.014	1.01044670893285e-34	3	ANGPTL2
1.45194935800927e-34	1.85668332386894	0.73	0.206	1.45194935800927e-31	3	A2M
1.78540913456152e-31	2.95055297674519	0.46	0.061	1.78540913456152e-28	3	AEBP1
9.34637754574261e-24	2.05295157166553	0.37	0.049	9.34637754574261e-21	3	AQP1
1.2685808300378e-22	3.04347473651413	0.53	0.146	1.2685808300378e-19	3	APOD
7.95175510521271e-16	1.59712586351305	0.7	0.38	7.95175510521271e-13	3	ACTN1
6.55699835765121e-15	2.62018734527896	0.44	0.137	6.55699835765121e-12	3	ANTXR1
1.25008606413291e-14	-2.91753039904512	0.05	0.474	1.25008606413291e-11	3	ABRACL
2.23843825085161e-13	2.54892698104032	0.27	0.054	2.23843825085161e-10	3	AHNAK2
4.98368425656172e-13	1.60313776689136	0.26	0.049	4.98368425656172e-10	3	ADAM12
7.2626567616433e-12	1.89551644292626	0.41	0.136	7.2626567616433e-09	3	ADAMTS1
8.36852971694797e-12	1.61753568747406	0.34	0.098	8.36852971694797e-09	3	ACTG2
9.75302836189791e-12	-2.67261509122904	0.34	0.626	9.75302836189791e-09	3	AEBP2
2.01241244282221e-10	-1.57428015481306	0.66	0.863	2.01241244282221e-07	3	ARF6
2.51224909134785e-10	-1.87805822089589	0.14	0.488	2.51224909134785e-07	3	ARHGDIB
4.34345293117368e-10	-0.908509249410859	0.49	0.756	4.34345293117368e-07	3	AP1G1
9.2311984549678e-10	1.90810895023062	0.35	0.127	9.2311984549678e-07	3	ANO1
5.31015322714284e-09	-1.78418567201295	0.83	0.926	5.31015322714284e-06	3	AFMID
7.30707650150988e-09	0.905416021349974	0.82	0.579	7.30707650150988e-06	3	AASS
1.13255030792527e-08	2.11355978626506	0.31	0.108	1.13255030792527e-05	3	AMOTL1
1.15533784123229e-08	-1.17864718619258	0.11	0.421	1.15533784123229e-05	3	ADRM1
5.26660772118439e-08	-2.54755487653279	0.42	0.626	5.26660772118439e-05	3	ANP32E
5.64825874433815e-08	-1.18608429328135	0.43	0.665	5.64825874433815e-05	3	AMFR
9.39445432946385e-08	-1.82754019364296	0.03	0.284	9.39445432946385e-05	3	AGFG1
2.0064700256781e-07	0.907066681331097	0.32	0.127	0.00020064700256781	3	APOE
5.13999292903906e-07	-2.06678163876637	0.05	0.286	0.000513999292903906	3	ANK3
8.5004262946162e-07	-1.36907559712356	0.21	0.474	0.00085004262946162	3	ANP32A
1.02162930700321e-06	-1.33347863430709	0.35	0.582	0.00102162930700321	3	ABI1
1.83622711025926e-06	-1.13571183570656	0.11	0.36	0.00183622711025926	3	ACLY
2.72751679865951e-06	0.741410258035629	0.41	0.21	0.00272751679865951	3	ACVR2A
2.79752228622491e-06	-0.913206425285644	0.11	0.354	0.00279752228622491	3	AAGAB
3.97301864824437e-06	-1.23957415359188	0.13	0.36	0.00397301864824437	3	AHCTF1
4.06976436466215e-06	1.00448802551646	0.3	0.128	0.00406976436466215	3	AKAP12
4.14389740023676e-06	0.667544490015694	0.36	0.161	0.00414389740023675	3	ADIRF
4.21285864624666e-06	-1.38767026347321	0.15	0.374	0.00421285864624666	3	ABCE1
4.81479675278621e-06	-1.13321749734253	0.4	0.577	0.00481479675278621	3	AK2
4.8357600360584e-06	-1.53949154176123	0.33	0.533	0.00483576003605839	3	ACSL3
5.8181877096967e-06	-1.12640020945172	0.2	0.432	0.0058181877096967	3	ACOT13
7.58806352855e-06	-0.760598076841535	0.26	0.51	0.00758806352855	3	ACP1
3.17474830342575e-05	-1.16861731464322	0.13	0.335	0.0317474830342575	3	ADSS
3.52811137461201e-05	-1.9833062185992	0.14	0.331	0.0352811137461201	3	AMZ2
3.93843631987741e-05	-1.14168209549744	0.21	0.427	0.0393843631987741	3	ACTR2
4.75855026851584e-05	-1.27206004256499	0.12	0.316	0.0475855026851584	3	ADAM10
1.53647441322811e-53	2.29114605433592	0.75	0.078	1.53647441322811e-50	4	AIF1L
5.13846635037656e-49	1.85792177938058	0.684	0.066	5.13846635037656e-46	4	AMN1
1.9689500886021e-43	1.08777104612847	0.408	0.012	1.9689500886021e-40	4	APCDD1L-AS1
1.71826115906072e-42	1.19515189206173	0.75	0.104	1.71826115906072e-39	4	AKT3
4.23824306767636e-39	1.07382761734174	0.803	0.139	4.23824306767636e-36	4	ADIPOR2
6.72489610304728e-36	1.23739707864232	0.382	0.017	6.72489610304728e-33	4	AKR1C2
6.8698855034017e-35	1.15621152708253	0.658	0.095	6.8698855034017e-32	4	ADNP
9.07949581317603e-34	1.72672345929838	0.895	0.26	9.07949581317603e-31	4	ANKRD36BP1
5.37190542769276e-32	0.911072188872996	0.605	0.095	5.37190542769276e-29	4	AGAP1
5.92340145170591e-31	1.54247579926008	0.961	0.393	5.92340145170591e-28	4	AMD1
7.30035077667378e-31	1.0456758779949	0.684	0.116	7.30035077667378e-28	4	ARFIP1
8.87138027002329e-31	1.39921318138805	0.908	0.274	8.87138027002329e-28	4	APP
4.48384865736657e-30	1.33211645715411	0.447	0.045	4.48384865736657e-27	4	AGPAT4
1.32180183800861e-29	1.93378384143019	0.553	0.08	1.32180183800861e-26	4	ACTG2
1.9566498171168e-29	1.37470017241989	0.697	0.146	1.9566498171168e-26	4	AMOTL2
2.67985603456337e-29	1.01843831348252	0.789	0.172	2.67985603456337e-26	4	ARHGAP21
3.18037709302331e-29	1.23442045781573	0.868	0.25	3.18037709302331e-26	4	ACLY
9.58717422763648e-29	1.88953390866925	0.421	0.042	9.58717422763648e-26	4	ALPL
1.25257585625578e-28	1.17577377821116	0.987	0.64	1.25257585625578e-25	4	ARF1
1.77836512122098e-28	1.24130127070598	0.5	0.064	1.77836512122098e-25	4	ANKRD50
1.23324561694235e-27	0.808347670070436	0.75	0.168	1.23324561694235e-24	4	APH1A
1.63231909048409e-27	1.70444015080213	0.263	0.009	1.63231909048409e-24	4	ALK
2.14207907039277e-27	0.755340767164383	0.579	0.092	2.14207907039277e-24	4	AGRN
2.80282332441255e-27	0.823494163374318	0.789	0.184	2.80282332441255e-24	4	ACAA2
5.62437947102623e-27	1.0109299701333	0.487	0.064	5.62437947102623e-24	4	ACSS2
2.28474206032519e-26	0.866725846396772	0.684	0.151	2.28474206032519e-23	4	ANKIB1
6.28956204330206e-26	0.838166579528519	0.553	0.088	6.28956204330206e-23	4	AGPAT1
2.32123179437748e-25	0.719235518438682	0.737	0.172	2.32123179437748e-22	4	AKAP1
3.70646861944004e-25	0.711519732301951	0.697	0.156	3.70646861944004e-22	4	ARHGAP8
3.67505194851263e-24	2.30015486214119	0.447	0.071	3.67505194851263e-21	4	ADORA2B
1.56710728661118e-23	0.540756827983984	0.605	0.12	1.56710728661118e-20	4	ACTR3B
3.34401512999452e-23	0.731175305627562	0.487	0.076	3.34401512999452e-20	4	AGBL5
4.49488761035133e-23	1.24563203258049	0.5	0.087	4.49488761035133e-20	4	AMMECR1L
5.3173113171491e-23	0.848185294277219	0.947	0.333	5.3173113171491e-20	4	APMAP
2.05816541288083e-22	0.72725283671643	0.816	0.241	2.05816541288083e-19	4	ACTL6A
5.70517866581566e-22	0.813922141988019	0.618	0.137	5.70517866581566e-19	4	ANKRD27
4.72471096941988e-21	-0.627605021964057	0.526	0.101	4.72471096941988e-18	4	ABHD12
7.80340209096423e-21	1.6178014209178	0.303	0.029	7.80340209096423e-18	4	ABCA3
3.43450272771518e-20	0.797740185144561	0.553	0.123	3.43450272771518e-17	4	ALDH1A3
1.04644657129603e-19	2.11709064456096	0.276	0.026	1.04644657129603e-16	4	AFAP1-AS1
2.35289561558069e-19	1.4500826009398	0.263	0.023	2.35289561558069e-16	4	APOBEC3B
2.4524441873462e-19	0.612694537310231	0.763	0.243	2.4524441873462e-16	4	ADSS
2.73382092602372e-19	0.832974583720624	0.474	0.092	2.73382092602372e-16	4	ANKS1A
1.06323773022352e-18	0.6170665788318	0.632	0.161	1.06323773022352e-15	4	ABHD16A
1.08159994549227e-18	1.10592738597312	0.434	0.078	1.08159994549227e-15	4	AASDH
1.21565856069679e-18	0.675105406874288	0.947	0.411	1.21565856069679e-15	4	ACTN4
6.51999388242392e-18	0.806695483396528	1	0.879	6.51999388242392e-15	4	ACTG1
1.53499444976769e-17	0.648625866403391	0.434	0.083	1.53499444976769e-14	4	AFAP1
1.76314270548761e-17	0.702734547246688	0.961	0.492	1.76314270548761e-14	4	ABI1
5.69173727541008e-17	0.849464768586686	0.316	0.043	5.69173727541008e-14	4	ABCC10
5.93099876990543e-17	0.581935162121039	0.947	0.409	5.93099876990543e-14	4	ACP1
8.34151992981565e-17	0.675521181928523	0.684	0.201	8.34151992981565e-14	4	AHCY
2.09093520853995e-16	1.7287493423238	0.461	0.114	2.09093520853995e-13	4	AKAP12
2.90340486595107e-16	0.615863002347211	0.382	0.069	2.90340486595107e-13	4	ACOT8
4.14763519749477e-16	0.692460823510201	0.303	0.043	4.14763519749477e-13	4	APBA2
4.77615949321898e-16	0.88991116613414	0.618	0.182	4.77615949321898e-13	4	AARS
5.61102802623725e-16	0.54685395217205	0.697	0.244	5.61102802623725e-13	4	ABCF1
1.92639263525852e-15	0.634285700657599	0.987	0.496	1.92639263525852e-12	4	ADIPOR1
2.00603024499561e-15	0.679854225906309	0.513	0.128	2.00603024499561e-12	4	AGO1
2.07390945622019e-15	0.73656230587292	0.408	0.08	2.07390945622019e-12	4	ALDOC
2.9527615841395e-15	0.646884131838519	0.513	0.128	2.9527615841395e-12	4	AAR2
6.67331681169156e-15	0.790186724804379	0.487	0.123	6.67331681169155e-12	4	AKTIP
8.6217560466821e-15	1.21941849020287	0.618	0.218	8.6217560466821e-12	4	ACACA
1.14127785912277e-14	0.51752387171803	0.895	0.369	1.14127785912277e-11	4	ADI1
3.08677206092493e-14	0.9898936306633	0.263	0.036	3.08677206092493e-11	4	APBA1
4.56322213443235e-14	0.535183967123609	0.5	0.133	4.56322213443235e-11	4	ALG6
4.97636842486235e-14	0.87431106494201	0.711	0.302	4.97636842486235e-11	4	ALG10B
6.9163946205158e-14	0.519160919889982	0.618	0.213	6.9163946205158e-11	4	AFG3L2
1.03920932964401e-13	0.650075773091844	0.645	0.217	1.03920932964401e-10	4	ANXA4
1.31569278665198e-13	1.05252692288214	0.921	0.697	1.31569278665198e-10	4	ABI2
6.27558293108548e-13	0.804744985915983	0.605	0.206	6.27558293108548e-10	4	AP1AR
9.83461895696767e-13	0.536803120636137	0.987	0.556	9.83461895696767e-10	4	APLP2
1.0818240402903e-12	0.715537657764398	0.868	0.504	1.0818240402903e-09	4	ANGEL2
1.45406158551728e-12	0.570651789413236	0.579	0.198	1.45406158551728e-09	4	APPBP2
1.77023544678637e-12	0.613511273232792	0.658	0.272	1.77023544678637e-09	4	ABCF2
3.15292027794623e-12	0.661873682736061	0.921	0.615	3.15292027794623e-09	4	AHR
8.36815785637845e-12	0.50674372613892	0.434	0.12	8.36815785637845e-09	4	ALG12
1.86531523238911e-11	0.900387858439606	0.316	0.069	1.86531523238911e-08	4	ANKRD54
4.46218444268362e-11	0.579193152625723	0.355	0.087	4.46218444268362e-08	4	ACSF2
8.52620731221643e-11	0.55254218274922	1	0.685	8.52620731221643e-08	4	ALDOA
9.2328751800313e-11	0.762767726025561	0.368	0.099	9.23287518003129e-08	4	ARHGEF10
1.16265407186178e-10	1.06202295606758	0.329	0.083	1.16265407186178e-07	4	ANKEF1
4.295603815132e-10	0.786566314182366	0.316	0.08	4.295603815132e-07	4	ANKS3
9.30988291270705e-10	0.770533114925689	0.368	0.114	9.30988291270706e-07	4	ARG2
1.03629342319288e-09	0.604887235296363	0.776	0.433	1.03629342319288e-06	4	AKIRIN1
1.10727202513044e-09	0.774425328082466	0.697	0.357	1.10727202513044e-06	4	ACOT13
2.30740108826485e-09	0.563326989609354	0.895	0.631	2.30740108826485e-06	4	ARCN1
7.86746542519986e-09	0.501824475654986	0.316	0.088	7.86746542519986e-06	4	ANKRD13A
1.04477151067488e-08	0.504800472810699	0.289	0.075	1.04477151067488e-05	4	ANO10
9.47747003100403e-08	-0.529853971862975	0.421	0.149	9.47747003100403e-05	4	ANKRD49
1.36380647512227e-07	0.529473250126957	0.763	0.433	0.000136380647512227	4	APOOL
1.36441581980986e-07	-3.19083806909563	0.211	0.464	0.000136441581980986	4	ARHGDIB
3.08863418632853e-07	-0.710687797599244	0.303	0.088	0.000308863418632853	4	ANKRD36BP2
4.36882171118662e-07	-0.75815299103208	0.368	0.123	0.000436882171118662	4	ARHGAP30
4.63953616409667e-07	0.655102647405746	0.342	0.12	0.000463953616409667	4	ADAM15
5.85398484092137e-07	-1.95766454266544	0.908	0.821	0.000585398484092137	4	ARF6
1.0189439978666e-06	-0.639727703221027	0.776	0.36	0.0010189439978666	4	ABRACL
1.33012900416345e-06	0.971484527461085	0.737	0.477	0.00133012900416345	4	ACBD5
2.33305087784166e-06	-0.563611427632085	0.566	0.246	0.00233305087784166	4	AES
1.22476249897589e-05	-0.616959973058632	0.342	0.127	0.0122476249897589	4	ANKRD65
3.74434210665656e-05	-0.632404952776008	0.474	0.217	0.0374434210665656	4	ANAPC1
6.83440712726626e-101	3.84344886044513	0.966	0.037	6.83440712726626e-98	5	ANKRD30A
6.05502542787309e-95	3.62768047391349	0.862	0.024	6.05502542787309e-92	5	AGR2
1.64478607705305e-86	3.14280415376635	0.862	0.035	1.64478607705305e-83	5	AGR3
6.50016497791619e-59	1.84100948595036	0.966	0.116	6.50016497791619e-56	5	ADIRF
5.91662525910058e-55	2.96974580562964	0.431	0.003	5.91662525910058e-52	5	ARHGAP40
2.37694307436089e-50	3.13069267749044	0.397	0.003	2.37694307436089e-47	5	ABCC8
1.52860090964741e-42	2.82379544785885	0.431	0.015	1.52860090964741e-39	5	AK5
4.44625668522129e-37	2.66400922987604	0.328	0.007	4.44625668522129e-34	5	ANKRD30B
4.47793021544324e-37	1.40481424449711	0.603	0.062	4.47793021544324e-34	5	AR
5.322972683599e-37	2.13055661894016	0.897	0.215	5.32297268359901e-34	5	ALCAM
6.26904177144034e-36	2.94137483415296	0.379	0.015	6.26904177144034e-33	5	ALOX15B
4.08558701820873e-34	3.17590729213426	0.448	0.032	4.08558701820873e-31	5	ALDH3B2
9.78119527250204e-34	2.06150905342785	0.793	0.151	9.78119527250204e-31	5	AREG
7.79842570726847e-31	1.5424786652255	0.345	0.015	7.79842570726847e-28	5	ABLIM3
3.45480245061994e-30	2.97559041474763	0.276	0.007	3.45480245061994e-27	5	ABCC11
1.8583684441898e-28	1.90336269308228	0.603	0.091	1.8583684441898e-25	5	AP1M2
2.0426037834157e-26	2.43068220325971	0.897	0.454	2.0426037834157e-23	5	AFF3
5.24720291756137e-26	2.07254665886465	0.259	0.008	5.24720291756137e-23	5	AMPH
5.35256615451627e-24	1.8290783559531	0.966	0.617	5.35256615451627e-21	5	ACADSB
1.33640531188022e-21	1.30627223730817	0.707	0.171	1.33640531188022e-18	5	ALG5
2.11664501556797e-21	0.931019771186498	0.879	0.281	2.11664501556797e-18	5	AP2B1
6.98029340169084e-21	1.46515647649006	0.603	0.133	6.98029340169084e-18	5	AIG1
3.19608515935812e-20	1.9713098865296	0.534	0.106	3.19608515935812e-17	5	ARHGAP32
4.08741896507697e-20	1.45764891797804	0.69	0.192	4.08741896507697e-17	5	ABCD3
4.42853915651933e-20	1.98265284492952	0.397	0.054	4.42853915651933e-17	5	ACADS
5.04631486969676e-20	1.39608238758036	0.621	0.15	5.04631486969676e-17	5	AGTRAP
2.47821374861458e-19	0.970425214445517	1	0.763	2.47821374861458e-16	5	ANXA2
3.56528898989516e-19	1.57272533251514	0.328	0.034	3.56528898989516e-16	5	AQP3
8.73754126191526e-19	1.37758556796234	0.293	0.027	8.73754126191526e-16	5	ACOT4
1.54628578653561e-18	0.991595815927467	1	0.694	1.54628578653561e-15	5	ALDOA
1.76948556391668e-18	1.58045401146183	0.466	0.084	1.76948556391668e-15	5	ACSF2
3.30067230766445e-18	1.55036531485178	0.69	0.215	3.30067230766445e-15	5	AHCY
6.39406225805485e-18	1.41543265268591	0.466	0.084	6.39406225805485e-15	5	ANG
2.0231901117287e-17	1.0697807857214	0.672	0.213	2.0231901117287e-14	5	APBB2
4.93947711798172e-17	1.0759370330608	0.983	0.57	4.93947711798172e-14	5	APLP2
8.84537695320631e-17	2.04346859069066	0.362	0.055	8.84537695320631e-14	5	ABAT
8.98998248900829e-17	1.13370115797556	0.534	0.126	8.98998248900829e-14	5	APPL2
1.21303756740892e-16	1.51368378070034	0.466	0.097	1.21303756740892e-13	5	ACOT1
1.81579537593944e-16	0.769415248672843	0.897	0.35	1.81579537593944e-13	5	APRT
1.85197691703668e-16	1.01751438733603	0.466	0.092	1.85197691703668e-13	5	ANKRD42
3.57011680247382e-15	1.34810001898078	0.914	0.59	3.57011680247382e-12	5	ARFIP2
5.11541159684036e-15	1.0584245435974	0.621	0.188	5.11541159684036e-12	5	AEN
6.01920633380471e-15	1.24121396997377	0.552	0.145	6.01920633380471e-12	5	ACOT2
8.66612641288179e-13	0.993755649156728	0.603	0.193	8.66612641288179e-10	5	ACAA1
1.41618670419271e-12	0.715378536444945	0.879	0.407	1.41618670419271e-09	5	ACADVL
3.87779333880868e-12	1.1258572216143	0.483	0.134	3.87779333880868e-09	5	ALAD
1.22821102845778e-11	0.952455350591085	0.69	0.269	1.22821102845778e-08	5	ACO2
2.04354839782849e-11	1.02383910435054	0.776	0.38	2.04354839782849e-08	5	AAMP
2.43417272924069e-11	0.747418015111538	0.603	0.2	2.43417272924069e-08	5	ABCF3
2.46482354244082e-11	0.958653522686919	0.534	0.168	2.46482354244082e-08	5	ALAS1
2.54662755273262e-11	0.683029468141638	0.672	0.249	2.54662755273262e-08	5	ADAM10
2.77124181580741e-11	0.571102092593624	0.845	0.388	2.77124181580741e-08	5	ACTN1
3.23643687498313e-11	1.0338864692279	0.345	0.072	3.23643687498313e-08	5	ACP5
4.43198817483372e-11	0.816781127392401	0.586	0.193	4.43198817483372e-08	5	ALG2
2.51268107534821e-10	0.940151124411285	0.431	0.126	2.51268107534821e-07	5	ACOX3
4.01573565914433e-10	0.932561447410738	0.431	0.123	4.01573565914433e-07	5	ACY1
9.79212244194753e-10	-3.27082836039406	0.241	0.6	9.79212244194753e-07	5	ANXA1
1.00894548886114e-09	0.545319723789388	0.724	0.291	1.00894548886114e-06	5	APEX1
1.84356968603917e-09	1.01054775852967	0.552	0.222	1.84356968603917e-06	5	ACTR1A
2.63476317912792e-09	0.56994913488013	0.31	0.067	2.63476317912792e-06	5	ALOX5
3.76797752956212e-09	0.743697669351643	0.31	0.071	3.76797752956212e-06	5	ALKBH3
4.14632771007091e-09	0.902354843307956	0.621	0.287	4.14632771007091e-06	5	AAGAB
4.20875613064558e-09	0.53116023589789	0.569	0.205	4.20875613064558e-06	5	ANAPC13
4.24495516462651e-09	0.754853222104664	0.517	0.19	4.24495516462651e-06	5	ARHGAP8
5.20431799731065e-09	-3.63695426884661	0.293	0.624	5.20431799731065e-06	5	ANP32E
1.83210404833137e-08	0.537826092707333	0.862	0.509	1.83210404833137e-05	5	ANXA7
2.24568599370891e-08	0.920020536592753	0.431	0.148	2.24568599370891e-05	5	AAR2
3.2216693229639e-08	0.676574053794236	0.741	0.371	3.2216693229639e-05	5	APMAP
3.56848457058569e-08	0.872713778364243	0.5	0.202	3.56848457058569e-05	5	AP3D1
5.22141867713937e-08	0.640668599509728	0.293	0.074	5.22141867713937e-05	5	APH1B
5.48381887304841e-08	0.677395026276337	0.552	0.229	5.48381887304841e-05	5	ARFGAP2
7.95015387492317e-08	0.954372013511973	0.448	0.17	7.95015387492317e-05	5	ALKBH7
1.35855242951939e-07	0.817452759106486	0.362	0.114	0.000135855242951939	5	ABCD4
1.83757319092771e-07	0.685402331721576	0.534	0.237	0.000183757319092771	5	ANXA11
2.39975484818352e-07	0.579827456413169	0.621	0.299	0.000239975484818352	5	ACTR10
5.12467062133658e-07	0.654368265958206	0.862	0.706	0.000512467062133658	5	ABHD11
5.72639989810759e-07	0.765440256258734	0.534	0.242	0.000572639989810759	5	AKR7A2
5.99438868614037e-07	0.541772318283519	0.328	0.103	0.000599438868614036	5	AGAP5
6.34837161922548e-07	0.544582694927885	0.638	0.309	0.000634837161922548	5	AP1G2
7.07594775581957e-07	0.508125715521234	0.603	0.304	0.000707594775581957	5	ACIN1
8.341887709193e-07	0.821198778124302	0.379	0.134	0.0008341887709193	5	ALG12
1.37424901831351e-06	0.61903369187349	0.259	0.071	0.00137424901831351	5	ANKRD39
1.65825338389148e-06	0.696596675360087	0.362	0.121	0.00165825338389148	5	ALDH2
1.85286387291558e-06	0.823623185008426	0.328	0.109	0.00185286387291558	5	ABHD14B
2.68661197473483e-06	0.69923126262773	0.293	0.096	0.00268661197473483	5	AKT1
2.69952066557113e-06	0.632630218914741	0.397	0.15	0.00269952066557113	5	ACO1
3.87984024826604e-06	0.836668496730275	0.431	0.18	0.00387984024826604	5	ALG3
5.76689000017139e-06	0.590551886299673	0.517	0.242	0.00576689000017139	5	ALDH18A1
6.67793107289337e-06	0.641426553917198	0.345	0.126	0.00667793107289337	5	ADAM15
6.93407475822169e-06	0.895838688248733	0.5	0.242	0.00693407475822169	5	ACACA
1.47163891666203e-05	1.04023105867505	0.259	0.084	0.0147163891666203	5	ANO10
1.62751077039865e-05	0.669944091182342	0.293	0.101	0.0162751077039865	5	ACP2
2.82217529236617e-05	0.605995827945265	0.431	0.195	0.0282217529236617	5	ABHD16A
3.59446837719426e-05	0.52434732733986	0.328	0.128	0.0359446837719426	5	ANAPC15
7.78051773377328e-114	3.82058709199467	0.95	0.011	7.78051773377328e-111	6	AIF1
1.29081619305394e-58	3.73405709151386	0.55	0.011	1.29081619305394e-55	6	AQP9
3.29248967645152e-48	3.01170823966658	0.875	0.09	3.29248967645152e-45	6	AP1S2
7.22241487512782e-42	1.95254013430443	0.85	0.09	7.22241487512782e-39	6	ALOX5AP
1.91088149870903e-40	3.22301826836856	0.35	0.005	1.91088149870903e-37	6	ADORA3
2.74150074465924e-34	2.86158770892817	0.5	0.033	2.74150074465924e-31	6	ADAP2
3.05010651117284e-29	2.03646478228975	0.575	0.057	3.05010651117284e-26	6	ALOX5
1.02414452844338e-27	2.96229856780657	0.525	0.052	1.02414452844338e-24	6	ANPEP
2.67596475406358e-22	2.83474852187061	0.45	0.047	2.67596475406358e-19	6	ADAM8
1.74098829403183e-19	1.92255685518271	0.75	0.181	1.74098829403183e-16	6	ACSL1
1.16524922306535e-17	1.77226241902917	0.75	0.222	1.16524922306535e-14	6	ARHGAP18
3.57173923939089e-17	0.707756149894816	0.475	0.065	3.57173923939089e-14	6	APBB1IP
4.5958737409773e-17	1.1034862639899	0.475	0.07	4.5958737409773e-14	6	ADAM28
2.93105379143007e-16	1.23692273714908	0.975	0.4	2.93105379143007e-13	6	ARHGDIB
2.79409545389257e-14	1.20110915765051	0.85	0.316	2.79409545389257e-11	6	ABCA1
2.80275990017209e-14	1.51344304288432	0.3	0.033	2.80275990017209e-11	6	ABCC3
7.38021891436627e-14	1.52784491867919	0.475	0.088	7.38021891436627e-11	6	AOAH
2.95894589038646e-13	0.844924037611541	0.3	0.034	2.95894589038646e-10	6	ABI3
7.86923524023063e-13	1.18728114153194	0.425	0.08	7.86923524023063e-10	6	ARHGAP31
8.92228713803828e-13	1.27462485871921	0.35	0.051	8.92228713803828e-10	6	APOC1
1.84781977646191e-12	1.63890042436462	0.275	0.033	1.84781977646191e-09	6	ADPRH
1.77120338307005e-11	0.739485766409854	0.525	0.127	1.77120338307005e-08	6	ARHGAP30
2.03213692134039e-11	1.36874117481513	0.325	0.051	2.03213692134039e-08	6	AMPD3
4.87040087958986e-10	0.921825857187714	0.95	0.571	4.87040087958986e-07	6	ANXA5
1.48301405245585e-09	1.39587977938096	0.325	0.062	1.48301405245585e-06	6	ADAMTSL4
1.6487719145732e-09	1.21267548209217	0.65	0.243	1.6487719145732e-06	6	ADPGK
6.53809747985921e-09	0.605854203176587	1	0.972	6.53809747985921e-06	6	ACTB
9.19835853506893e-09	1.02863029015544	0.725	0.32	9.19835853506893e-06	6	ADAM9
1.87335296108535e-08	0.673549537863358	0.425	0.109	1.87335296108535e-05	6	ARHGAP15
1.89467419503041e-08	0.50731417776567	0.4	0.1	1.89467419503041e-05	6	ARHGAP4
2.03288658362097e-08	0.731078768596273	0.975	0.772	2.03288658362097e-05	6	ANXA2
8.94157596945362e-08	1.02002523854271	0.45	0.137	8.94157596945362e-05	6	ACOT9
1.44626620447922e-07	0.727755588994534	0.975	0.582	0.000144626620447922	6	APLP2
2.94892136236758e-07	1.62583908752928	0.4	0.126	0.000294892136236758	6	ALDH2
3.16874212876342e-07	0.720996685523444	0.425	0.132	0.000316874212876342	6	ABHD3
1.13894792943275e-06	1.24127434259201	0.425	0.145	0.00113894792943274	6	AP1B1
2.50547964735859e-06	1.15239717947746	0.575	0.268	0.00250547964735859	6	A2M
2.53740217107187e-06	0.785157799099181	0.775	0.44	0.00253740217107187	6	AKAP13
2.79465529960806e-06	0.585830065490675	0.35	0.103	0.00279465529960806	6	ADCY7
3.01359741547656e-06	0.561037480032391	0.75	0.37	0.00301359741547656	6	ACTR2
3.79870818657769e-06	0.740364756985324	0.425	0.145	0.00379870818657769	6	ARAP1
7.04798003573153e-06	0.520158651804597	0.375	0.117	0.00704798003573153	6	ABR
7.67366272188134e-06	0.954610636619195	0.5	0.202	0.00767366272188134	6	AKR1B1
9.70897074586096e-06	1.29023802850951	0.3	0.083	0.00970897074586096	6	ACP5
1.03197414921388e-05	1.40108260086032	0.275	0.075	0.0103197414921388	6	ACER3
1.11224577382135e-05	-2.65167466513682	0.325	0.599	0.0111224577382135	6	AEBP2
1.1209194751275e-05	0.67451636896974	0.725	0.378	0.011209194751275	6	AKR1A1
1.39057806806718e-05	0.870442668982328	0.325	0.101	0.0139057806806718	6	ARHGAP10
1.45310576484128e-05	0.655498244564967	0.95	0.706	0.0145310576484128	6	ALDOA
1.5342189875863e-05	0.599317981531716	0.65	0.325	0.015342189875863	6	AP2S1
4.48956743368517e-05	-2.08001935344141	0.65	0.762	0.0448956743368517	6	ANKRD36B
4.4405790223195e-23	1.98472710298192	0.333	0.016	4.4405790223195e-20	7	APCDD1
1.12774335491123e-16	1.53492444421918	0.7	0.135	1.12774335491123e-13	7	ANO1
2.71357733272533e-15	1.85799228520749	0.433	0.055	2.71357733272533e-12	7	ANXA8L1
7.88780712561328e-14	1.57346625823236	0.867	0.311	7.88780712561328e-11	7	ALDH9A1
1.01887162395623e-13	1.85227565354843	0.667	0.149	1.01887162395623e-10	7	ALDH1A3
4.66531823864496e-13	1.71688977491946	0.6	0.135	4.66531823864496e-10	7	AIF1L
2.38198832964188e-12	1.55715423859596	0.867	0.376	2.38198832964188e-09	7	APRT
6.38507140167042e-12	1.62246463129563	0.567	0.13	6.38507140167042e-09	7	ACY1
9.94277726508799e-11	1.5466124538113	0.833	0.324	9.94277726508799e-08	7	APP
1.17431379385118e-10	1.53130016846367	0.5	0.111	1.17431379385118e-07	7	ABHD14B
1.54387330803856e-09	1.04132559251783	0.9	0.449	1.54387330803856e-06	7	ANAPC5
4.36586343387583e-09	1.14835956273304	0.9	0.427	4.36586343387583e-06	7	ACADVL
1.12744463681822e-08	0.834575713630491	0.9	0.406	1.12744463681822e-05	7	ACTN1
2.13038415749935e-08	1.40725423998175	0.467	0.125	2.13038415749935e-05	7	ALKBH2
3.3468634442183e-08	1.12141287177043	0.5	0.138	3.3468634442183e-05	7	ALG11
8.73338278692912e-08	1.34872714541553	0.6	0.209	8.73338278692912e-05	7	AEN
1.55473141439707e-07	0.819434248828372	0.6	0.197	0.000155473141439707	7	ARHGAP12
2.55079993200671e-07	0.828484388973041	0.733	0.31	0.000255079993200671	7	APEX1
3.58914646231972e-07	1.31159726726116	0.6	0.241	0.000358914646231972	7	ARFGAP2
6.90525804557238e-07	0.949442185041486	0.567	0.201	0.000690525804557238	7	ACAT2
1.07509888886231e-06	0.572172320562502	1	0.888	0.00107509888886231	7	ACTG1
1.30744618791513e-06	0.504975011153999	0.9	0.483	0.00130744618791513	7	ACSL3
1.41707681473979e-06	0.778000159856265	0.9	0.645	0.00141707681473979	7	ARHGAP26
5.1100671560823e-06	1.48506742480608	0.5	0.186	0.0051100671560823	7	ALAS1
6.70859928049471e-06	0.69997203457514	0.867	0.538	0.00670859928049471	7	ADIPOR1
2.4748284242389e-05	0.640216019583277	0.7	0.323	0.024748284242389	7	ABCE1
2.61647561424316e-05	0.671151506959577	0.7	0.356	0.0261647561424316	7	ALDH7A1
2.63593792543973e-05	1.20512296894249	0.333	0.103	0.0263593792543973	7	AMY2B
2.78888228157719e-05	1.0620902790013	0.6	0.292	0.0278888228157719	7	ACO2
3.84611009229627e-05	1.2153743065922	0.467	0.189	0.0384611009229626	7	ALG3
4.17200932741194e-05	0.924374929286047	0.6	0.287	0.0417200932741194	7	ABT1
4.25863259686263e-05	1.01891728254582	0.4	0.141	0.0425863259686263	7	ACOX3
